{
 "cells": [
  {
   "cell_type": "code",
   "execution_count": null,
   "id": "employed-dimension",
   "metadata": {},
   "outputs": [],
   "source": []
  },
  {
   "cell_type": "code",
   "execution_count": 8,
   "id": "revolutionary-clearance",
   "metadata": {},
   "outputs": [
    {
     "name": "stdout",
     "output_type": "stream",
     "text": [
      "New function value f(x): 26.733994369546444\n",
      "Updated weights (w):\n",
      " [[0.42288036 0.1631988  0.41392084]\n",
      " [0.6046866  0.12047901 0.27483439]\n",
      " [0.42500223 0.38349254 0.19150523]\n",
      " [0.30434059 0.35033153 0.34532788]\n",
      " [0.38080219 0.23620684 0.38299097]\n",
      " [0.35230864 0.29881621 0.34887515]\n",
      " [0.55165233 0.04345886 0.40488881]\n",
      " [0.80012203 0.02374147 0.1761365 ]\n",
      " [0.37823016 0.20797023 0.41379961]\n",
      " [0.02714956 0.11320484 0.8596456 ]\n",
      " [0.47338967 0.02037854 0.5062318 ]\n",
      " [0.25470892 0.41150829 0.33378279]\n",
      " [0.30908526 0.31194453 0.37897021]\n",
      " [0.61738423 0.34494962 0.03766615]\n",
      " [0.45301972 0.41788068 0.1290996 ]\n",
      " [0.42046134 0.19519764 0.38434102]\n",
      " [0.0744898  0.80950873 0.11600147]\n",
      " [0.10299484 0.04577122 0.85123394]\n",
      " [0.19926347 0.22486924 0.57586729]\n",
      " [0.22999808 0.41181893 0.358183  ]\n",
      " [0.19592784 0.39055533 0.41351683]\n",
      " [0.63613212 0.20757295 0.15629493]\n",
      " [0.11397223 0.46356864 0.42245912]\n",
      " [0.47108554 0.13238693 0.39652753]\n",
      " [0.19260246 0.57057851 0.23681904]\n",
      " [0.53310679 0.28903684 0.17785637]\n",
      " [0.18039495 0.59072813 0.22887693]\n",
      " [0.25660602 0.42872655 0.31466743]\n",
      " [0.01313501 0.41095721 0.57590778]\n",
      " [0.36317097 0.11651825 0.52031077]\n",
      " [0.46352371 0.45916359 0.07731271]\n",
      " [0.38477421 0.15820307 0.45702272]\n",
      " [0.53099953 0.10570936 0.36329112]\n",
      " [0.15855246 0.42174347 0.41970407]\n",
      " [0.35400948 0.15850548 0.48748504]\n",
      " [0.41620147 0.16468595 0.41911258]\n",
      " [0.24159239 0.04293852 0.7154691 ]\n",
      " [0.01548943 0.05954982 0.92496075]\n",
      " [0.54249497 0.07918324 0.37832179]\n",
      " [0.38767316 0.3723638  0.23996304]\n",
      " [0.38888865 0.55346229 0.05764907]\n",
      " [0.37454556 0.32188717 0.30356726]\n",
      " [0.03053521 0.90273724 0.06672756]\n",
      " [0.41889289 0.38370087 0.19740624]\n",
      " [0.58265333 0.33641495 0.08093172]\n",
      " [0.27833626 0.70841814 0.0132456 ]\n",
      " [0.63499557 0.02188015 0.34312428]\n",
      " [0.38439395 0.31754968 0.29805637]\n",
      " [0.24309514 0.35804156 0.3988633 ]\n",
      " [0.33996956 0.31990392 0.34012652]\n",
      " [0.14190148 0.06118534 0.79691318]\n",
      " [0.11772752 0.18967174 0.69260073]\n",
      " [0.36515311 0.26861571 0.36623118]\n",
      " [0.29130169 0.44066311 0.26803521]\n",
      " [0.38911167 0.25723346 0.35365487]\n",
      " [0.45957577 0.51473471 0.02568952]\n",
      " [0.46813314 0.30344306 0.22842379]\n",
      " [0.19766739 0.11296278 0.68936983]\n",
      " [0.45786612 0.18303999 0.35909389]\n",
      " [0.46113733 0.38420832 0.15465435]]\n",
      "Updated delta_k: 0.0002\n"
     ]
    }
   ],
   "source": [
    "import numpy as np\n",
    "\n",
    "# Define the objective function f(w)\n",
    "def f(w):\n",
    "    return np.sum(w**2)\n",
    "\n",
    "def pattern_search_iteration(w, delta):\n",
    "    # Step (a): Increase each wi_(t) = wi_(t) + delta for i = 1,2,3 and t = 1,2,...,60\n",
    "    new_w = w + delta\n",
    "\n",
    "    # Step 5: Ensure w1t + w2t + w3t = 1 for all t\n",
    "    new_w = new_w / np.sum(new_w, axis=1)[:, np.newaxis]\n",
    "\n",
    "    # Step 6: Calculate S = w1t + w2t + w3t\n",
    "    S = np.sum(new_w, axis=1)\n",
    "\n",
    "    # Step 7: Calculate new weights x\n",
    "    x = new_w / S[:, np.newaxis]\n",
    "\n",
    "    # Step 8: Calculate the function value f(x) at the new point\n",
    "    f_x = f(x)\n",
    "\n",
    "    return x, f_x\n",
    "\n",
    "# Initialize weights w between (0, 1)\n",
    "w = np.random.rand(60, 3)\n",
    "\n",
    "# Set delta_0 = 0.0001\n",
    "delta_k = 0.0001\n",
    "\n",
    "# Calculate the function value f(w)\n",
    "f_w = f(w)\n",
    "\n",
    "# Step (a): Perform one iteration of Pattern Search\n",
    "new_w, f_x = pattern_search_iteration(w, delta_k)\n",
    "\n",
    "# Compare function values and update if necessary\n",
    "if f_x < f_w:\n",
    "    w = new_w\n",
    "    f_w = f_x\n",
    "    delta_k *= 2  # Update delta_k if a better solution is found\n",
    "\n",
    "# Print the results\n",
    "print(\"New function value f(x):\", f_x)\n",
    "print(\"Updated weights (w):\\n\", w)\n",
    "print(\"Updated delta_k:\", delta_k)\n"
   ]
  },
  {
   "cell_type": "code",
   "execution_count": 2,
   "id": "racial-richards",
   "metadata": {},
   "outputs": [
    {
     "name": "stdout",
     "output_type": "stream",
     "text": [
      "Iteration 1:\n",
      "New function value f(x): 26.400059372068238\n",
      "Updated weights (w):\n",
      " [[0.25095087 0.73822921 0.01081992]\n",
      " [0.46786531 0.19052323 0.34161146]\n",
      " [0.13584875 0.51285973 0.35129152]\n",
      " [0.17028834 0.06362587 0.7660858 ]\n",
      " [0.48395456 0.19250886 0.32353658]\n",
      " [0.61785581 0.0973256  0.28481858]\n",
      " [0.21699264 0.25661953 0.52638783]\n",
      " [0.28958976 0.10034445 0.61006579]\n",
      " [0.63796525 0.21950211 0.14253264]\n",
      " [0.48895811 0.09898453 0.41205736]\n",
      " [0.26839951 0.5268425  0.20475799]\n",
      " [0.01095257 0.58305228 0.40599514]\n",
      " [0.08230738 0.35728661 0.56040601]\n",
      " [0.27517048 0.25914926 0.46568026]\n",
      " [0.89089171 0.09334111 0.01576718]\n",
      " [0.72896945 0.0146563  0.25637425]\n",
      " [0.31675263 0.23293467 0.4503127 ]\n",
      " [0.37663656 0.35958553 0.2637779 ]\n",
      " [0.3212908  0.42580316 0.25290603]\n",
      " [0.39272726 0.33324334 0.2740294 ]\n",
      " [0.25168039 0.47205033 0.27626928]\n",
      " [0.31079541 0.07223568 0.61696891]\n",
      " [0.25305563 0.22976041 0.51718396]\n",
      " [0.47127979 0.14513485 0.38358536]\n",
      " [0.14200913 0.6690306  0.18896026]\n",
      " [0.33570972 0.22453    0.43976028]\n",
      " [0.33543937 0.04069117 0.62386946]\n",
      " [0.39110221 0.14291314 0.46598465]\n",
      " [0.46314743 0.28880045 0.24805212]\n",
      " [0.64769579 0.06822826 0.28407595]\n",
      " [0.32877223 0.24650283 0.42472494]\n",
      " [0.3859413  0.51595725 0.09810145]\n",
      " [0.2399293  0.37816992 0.38190078]\n",
      " [0.66461516 0.05501543 0.28036941]\n",
      " [0.34140135 0.47654612 0.18205253]\n",
      " [0.38474379 0.22266065 0.39259557]\n",
      " [0.40040875 0.49280189 0.10678936]\n",
      " [0.67712484 0.24644394 0.07643122]\n",
      " [0.78499226 0.1075778  0.10742994]\n",
      " [0.0247637  0.57342209 0.4018142 ]\n",
      " [0.36234926 0.14491719 0.49273355]\n",
      " [0.09339117 0.55418408 0.35242475]\n",
      " [0.35943716 0.2490048  0.39155805]\n",
      " [0.31425616 0.20046262 0.48528123]\n",
      " [0.22845381 0.3741629  0.39738329]\n",
      " [0.53107293 0.12455794 0.34436914]\n",
      " [0.13477172 0.33251328 0.532715  ]\n",
      " [0.52666653 0.23846524 0.23486823]\n",
      " [0.28992965 0.48251724 0.22755311]\n",
      " [0.45339206 0.25411288 0.29249506]\n",
      " [0.05977086 0.85787908 0.08235006]\n",
      " [0.45541246 0.53378569 0.01080185]\n",
      " [0.00735491 0.3891521  0.60349299]\n",
      " [0.21866308 0.13380699 0.64752993]\n",
      " [0.63327859 0.33921538 0.02750603]\n",
      " [0.27228417 0.42422786 0.30348797]\n",
      " [0.11870532 0.36952879 0.5117659 ]\n",
      " [0.18210805 0.26893587 0.54895607]\n",
      " [0.23439842 0.49821341 0.26738818]\n",
      " [0.34652472 0.05443645 0.59903883]]\n",
      "Updated delta_k: 0.0004\n",
      "Iteration 2:\n",
      "New function value f(x): 26.415447207121353\n",
      "Updated weights (w):\n",
      " [[0.25095087 0.73822921 0.01081992]\n",
      " [0.46786531 0.19052323 0.34161146]\n",
      " [0.13584875 0.51285973 0.35129152]\n",
      " [0.17028834 0.06362587 0.7660858 ]\n",
      " [0.48395456 0.19250886 0.32353658]\n",
      " [0.61785581 0.0973256  0.28481858]\n",
      " [0.21699264 0.25661953 0.52638783]\n",
      " [0.28958976 0.10034445 0.61006579]\n",
      " [0.63796525 0.21950211 0.14253264]\n",
      " [0.48895811 0.09898453 0.41205736]\n",
      " [0.26839951 0.5268425  0.20475799]\n",
      " [0.01095257 0.58305228 0.40599514]\n",
      " [0.08230738 0.35728661 0.56040601]\n",
      " [0.27517048 0.25914926 0.46568026]\n",
      " [0.89089171 0.09334111 0.01576718]\n",
      " [0.72896945 0.0146563  0.25637425]\n",
      " [0.31675263 0.23293467 0.4503127 ]\n",
      " [0.37663656 0.35958553 0.2637779 ]\n",
      " [0.3212908  0.42580316 0.25290603]\n",
      " [0.39272726 0.33324334 0.2740294 ]\n",
      " [0.25168039 0.47205033 0.27626928]\n",
      " [0.31079541 0.07223568 0.61696891]\n",
      " [0.25305563 0.22976041 0.51718396]\n",
      " [0.47127979 0.14513485 0.38358536]\n",
      " [0.14200913 0.6690306  0.18896026]\n",
      " [0.33570972 0.22453    0.43976028]\n",
      " [0.33543937 0.04069117 0.62386946]\n",
      " [0.39110221 0.14291314 0.46598465]\n",
      " [0.46314743 0.28880045 0.24805212]\n",
      " [0.64769579 0.06822826 0.28407595]\n",
      " [0.32877223 0.24650283 0.42472494]\n",
      " [0.3859413  0.51595725 0.09810145]\n",
      " [0.2399293  0.37816992 0.38190078]\n",
      " [0.66461516 0.05501543 0.28036941]\n",
      " [0.34140135 0.47654612 0.18205253]\n",
      " [0.38474379 0.22266065 0.39259557]\n",
      " [0.40040875 0.49280189 0.10678936]\n",
      " [0.67712484 0.24644394 0.07643122]\n",
      " [0.78499226 0.1075778  0.10742994]\n",
      " [0.0247637  0.57342209 0.4018142 ]\n",
      " [0.36234926 0.14491719 0.49273355]\n",
      " [0.09339117 0.55418408 0.35242475]\n",
      " [0.35943716 0.2490048  0.39155805]\n",
      " [0.31425616 0.20046262 0.48528123]\n",
      " [0.22845381 0.3741629  0.39738329]\n",
      " [0.53107293 0.12455794 0.34436914]\n",
      " [0.13477172 0.33251328 0.532715  ]\n",
      " [0.52666653 0.23846524 0.23486823]\n",
      " [0.28992965 0.48251724 0.22755311]\n",
      " [0.45339206 0.25411288 0.29249506]\n",
      " [0.05977086 0.85787908 0.08235006]\n",
      " [0.45541246 0.53378569 0.01080185]\n",
      " [0.00735491 0.3891521  0.60349299]\n",
      " [0.21866308 0.13380699 0.64752993]\n",
      " [0.63327859 0.33921538 0.02750603]\n",
      " [0.27228417 0.42422786 0.30348797]\n",
      " [0.11870532 0.36952879 0.5117659 ]\n",
      " [0.18210805 0.26893587 0.54895607]\n",
      " [0.23439842 0.49821341 0.26738818]\n",
      " [0.34652472 0.05443645 0.59903883]]\n",
      "Updated delta_k: 0.0004\n",
      "Iteration 3:\n",
      "New function value f(x): 26.415447207121353\n",
      "Updated weights (w):\n",
      " [[0.25095087 0.73822921 0.01081992]\n",
      " [0.46786531 0.19052323 0.34161146]\n",
      " [0.13584875 0.51285973 0.35129152]\n",
      " [0.17028834 0.06362587 0.7660858 ]\n",
      " [0.48395456 0.19250886 0.32353658]\n",
      " [0.61785581 0.0973256  0.28481858]\n",
      " [0.21699264 0.25661953 0.52638783]\n",
      " [0.28958976 0.10034445 0.61006579]\n",
      " [0.63796525 0.21950211 0.14253264]\n",
      " [0.48895811 0.09898453 0.41205736]\n",
      " [0.26839951 0.5268425  0.20475799]\n",
      " [0.01095257 0.58305228 0.40599514]\n",
      " [0.08230738 0.35728661 0.56040601]\n",
      " [0.27517048 0.25914926 0.46568026]\n",
      " [0.89089171 0.09334111 0.01576718]\n",
      " [0.72896945 0.0146563  0.25637425]\n",
      " [0.31675263 0.23293467 0.4503127 ]\n",
      " [0.37663656 0.35958553 0.2637779 ]\n",
      " [0.3212908  0.42580316 0.25290603]\n",
      " [0.39272726 0.33324334 0.2740294 ]\n",
      " [0.25168039 0.47205033 0.27626928]\n",
      " [0.31079541 0.07223568 0.61696891]\n",
      " [0.25305563 0.22976041 0.51718396]\n",
      " [0.47127979 0.14513485 0.38358536]\n",
      " [0.14200913 0.6690306  0.18896026]\n",
      " [0.33570972 0.22453    0.43976028]\n",
      " [0.33543937 0.04069117 0.62386946]\n",
      " [0.39110221 0.14291314 0.46598465]\n",
      " [0.46314743 0.28880045 0.24805212]\n",
      " [0.64769579 0.06822826 0.28407595]\n",
      " [0.32877223 0.24650283 0.42472494]\n",
      " [0.3859413  0.51595725 0.09810145]\n",
      " [0.2399293  0.37816992 0.38190078]\n",
      " [0.66461516 0.05501543 0.28036941]\n",
      " [0.34140135 0.47654612 0.18205253]\n",
      " [0.38474379 0.22266065 0.39259557]\n",
      " [0.40040875 0.49280189 0.10678936]\n",
      " [0.67712484 0.24644394 0.07643122]\n",
      " [0.78499226 0.1075778  0.10742994]\n",
      " [0.0247637  0.57342209 0.4018142 ]\n",
      " [0.36234926 0.14491719 0.49273355]\n",
      " [0.09339117 0.55418408 0.35242475]\n",
      " [0.35943716 0.2490048  0.39155805]\n",
      " [0.31425616 0.20046262 0.48528123]\n",
      " [0.22845381 0.3741629  0.39738329]\n",
      " [0.53107293 0.12455794 0.34436914]\n",
      " [0.13477172 0.33251328 0.532715  ]\n",
      " [0.52666653 0.23846524 0.23486823]\n",
      " [0.28992965 0.48251724 0.22755311]\n",
      " [0.45339206 0.25411288 0.29249506]\n",
      " [0.05977086 0.85787908 0.08235006]\n",
      " [0.45541246 0.53378569 0.01080185]\n",
      " [0.00735491 0.3891521  0.60349299]\n",
      " [0.21866308 0.13380699 0.64752993]\n",
      " [0.63327859 0.33921538 0.02750603]\n",
      " [0.27228417 0.42422786 0.30348797]\n",
      " [0.11870532 0.36952879 0.5117659 ]\n",
      " [0.18210805 0.26893587 0.54895607]\n",
      " [0.23439842 0.49821341 0.26738818]\n",
      " [0.34652472 0.05443645 0.59903883]]\n",
      "Updated delta_k: 0.0004\n",
      "Iteration 4:\n",
      "New function value f(x): 26.415447207121353\n",
      "Updated weights (w):\n",
      " [[0.25095087 0.73822921 0.01081992]\n",
      " [0.46786531 0.19052323 0.34161146]\n",
      " [0.13584875 0.51285973 0.35129152]\n",
      " [0.17028834 0.06362587 0.7660858 ]\n",
      " [0.48395456 0.19250886 0.32353658]\n",
      " [0.61785581 0.0973256  0.28481858]\n",
      " [0.21699264 0.25661953 0.52638783]\n",
      " [0.28958976 0.10034445 0.61006579]\n",
      " [0.63796525 0.21950211 0.14253264]\n",
      " [0.48895811 0.09898453 0.41205736]\n",
      " [0.26839951 0.5268425  0.20475799]\n",
      " [0.01095257 0.58305228 0.40599514]\n",
      " [0.08230738 0.35728661 0.56040601]\n",
      " [0.27517048 0.25914926 0.46568026]\n",
      " [0.89089171 0.09334111 0.01576718]\n",
      " [0.72896945 0.0146563  0.25637425]\n",
      " [0.31675263 0.23293467 0.4503127 ]\n",
      " [0.37663656 0.35958553 0.2637779 ]\n",
      " [0.3212908  0.42580316 0.25290603]\n",
      " [0.39272726 0.33324334 0.2740294 ]\n",
      " [0.25168039 0.47205033 0.27626928]\n",
      " [0.31079541 0.07223568 0.61696891]\n",
      " [0.25305563 0.22976041 0.51718396]\n",
      " [0.47127979 0.14513485 0.38358536]\n",
      " [0.14200913 0.6690306  0.18896026]\n",
      " [0.33570972 0.22453    0.43976028]\n",
      " [0.33543937 0.04069117 0.62386946]\n",
      " [0.39110221 0.14291314 0.46598465]\n",
      " [0.46314743 0.28880045 0.24805212]\n",
      " [0.64769579 0.06822826 0.28407595]\n",
      " [0.32877223 0.24650283 0.42472494]\n",
      " [0.3859413  0.51595725 0.09810145]\n",
      " [0.2399293  0.37816992 0.38190078]\n",
      " [0.66461516 0.05501543 0.28036941]\n",
      " [0.34140135 0.47654612 0.18205253]\n",
      " [0.38474379 0.22266065 0.39259557]\n",
      " [0.40040875 0.49280189 0.10678936]\n",
      " [0.67712484 0.24644394 0.07643122]\n",
      " [0.78499226 0.1075778  0.10742994]\n",
      " [0.0247637  0.57342209 0.4018142 ]\n",
      " [0.36234926 0.14491719 0.49273355]\n",
      " [0.09339117 0.55418408 0.35242475]\n",
      " [0.35943716 0.2490048  0.39155805]\n",
      " [0.31425616 0.20046262 0.48528123]\n",
      " [0.22845381 0.3741629  0.39738329]\n",
      " [0.53107293 0.12455794 0.34436914]\n",
      " [0.13477172 0.33251328 0.532715  ]\n",
      " [0.52666653 0.23846524 0.23486823]\n",
      " [0.28992965 0.48251724 0.22755311]\n",
      " [0.45339206 0.25411288 0.29249506]\n",
      " [0.05977086 0.85787908 0.08235006]\n",
      " [0.45541246 0.53378569 0.01080185]\n",
      " [0.00735491 0.3891521  0.60349299]\n",
      " [0.21866308 0.13380699 0.64752993]\n",
      " [0.63327859 0.33921538 0.02750603]\n",
      " [0.27228417 0.42422786 0.30348797]\n",
      " [0.11870532 0.36952879 0.5117659 ]\n",
      " [0.18210805 0.26893587 0.54895607]\n",
      " [0.23439842 0.49821341 0.26738818]\n",
      " [0.34652472 0.05443645 0.59903883]]\n",
      "Updated delta_k: 0.0004\n",
      "Iteration 5:\n",
      "New function value f(x): 26.415447207121353\n",
      "Updated weights (w):\n",
      " [[0.25095087 0.73822921 0.01081992]\n",
      " [0.46786531 0.19052323 0.34161146]\n",
      " [0.13584875 0.51285973 0.35129152]\n",
      " [0.17028834 0.06362587 0.7660858 ]\n",
      " [0.48395456 0.19250886 0.32353658]\n",
      " [0.61785581 0.0973256  0.28481858]\n",
      " [0.21699264 0.25661953 0.52638783]\n",
      " [0.28958976 0.10034445 0.61006579]\n",
      " [0.63796525 0.21950211 0.14253264]\n",
      " [0.48895811 0.09898453 0.41205736]\n",
      " [0.26839951 0.5268425  0.20475799]\n",
      " [0.01095257 0.58305228 0.40599514]\n",
      " [0.08230738 0.35728661 0.56040601]\n",
      " [0.27517048 0.25914926 0.46568026]\n",
      " [0.89089171 0.09334111 0.01576718]\n",
      " [0.72896945 0.0146563  0.25637425]\n",
      " [0.31675263 0.23293467 0.4503127 ]\n",
      " [0.37663656 0.35958553 0.2637779 ]\n",
      " [0.3212908  0.42580316 0.25290603]\n",
      " [0.39272726 0.33324334 0.2740294 ]\n",
      " [0.25168039 0.47205033 0.27626928]\n",
      " [0.31079541 0.07223568 0.61696891]\n",
      " [0.25305563 0.22976041 0.51718396]\n",
      " [0.47127979 0.14513485 0.38358536]\n",
      " [0.14200913 0.6690306  0.18896026]\n",
      " [0.33570972 0.22453    0.43976028]\n",
      " [0.33543937 0.04069117 0.62386946]\n",
      " [0.39110221 0.14291314 0.46598465]\n",
      " [0.46314743 0.28880045 0.24805212]\n",
      " [0.64769579 0.06822826 0.28407595]\n",
      " [0.32877223 0.24650283 0.42472494]\n",
      " [0.3859413  0.51595725 0.09810145]\n",
      " [0.2399293  0.37816992 0.38190078]\n",
      " [0.66461516 0.05501543 0.28036941]\n",
      " [0.34140135 0.47654612 0.18205253]\n",
      " [0.38474379 0.22266065 0.39259557]\n",
      " [0.40040875 0.49280189 0.10678936]\n",
      " [0.67712484 0.24644394 0.07643122]\n",
      " [0.78499226 0.1075778  0.10742994]\n",
      " [0.0247637  0.57342209 0.4018142 ]\n",
      " [0.36234926 0.14491719 0.49273355]\n",
      " [0.09339117 0.55418408 0.35242475]\n",
      " [0.35943716 0.2490048  0.39155805]\n",
      " [0.31425616 0.20046262 0.48528123]\n",
      " [0.22845381 0.3741629  0.39738329]\n",
      " [0.53107293 0.12455794 0.34436914]\n",
      " [0.13477172 0.33251328 0.532715  ]\n",
      " [0.52666653 0.23846524 0.23486823]\n",
      " [0.28992965 0.48251724 0.22755311]\n",
      " [0.45339206 0.25411288 0.29249506]\n",
      " [0.05977086 0.85787908 0.08235006]\n",
      " [0.45541246 0.53378569 0.01080185]\n",
      " [0.00735491 0.3891521  0.60349299]\n",
      " [0.21866308 0.13380699 0.64752993]\n",
      " [0.63327859 0.33921538 0.02750603]\n",
      " [0.27228417 0.42422786 0.30348797]\n",
      " [0.11870532 0.36952879 0.5117659 ]\n",
      " [0.18210805 0.26893587 0.54895607]\n",
      " [0.23439842 0.49821341 0.26738818]\n",
      " [0.34652472 0.05443645 0.59903883]]\n",
      "Updated delta_k: 0.0004\n",
      "Iteration 6:\n",
      "New function value f(x): 26.415447207121353\n",
      "Updated weights (w):\n",
      " [[0.25095087 0.73822921 0.01081992]\n",
      " [0.46786531 0.19052323 0.34161146]\n",
      " [0.13584875 0.51285973 0.35129152]\n",
      " [0.17028834 0.06362587 0.7660858 ]\n",
      " [0.48395456 0.19250886 0.32353658]\n",
      " [0.61785581 0.0973256  0.28481858]\n",
      " [0.21699264 0.25661953 0.52638783]\n",
      " [0.28958976 0.10034445 0.61006579]\n",
      " [0.63796525 0.21950211 0.14253264]\n",
      " [0.48895811 0.09898453 0.41205736]\n",
      " [0.26839951 0.5268425  0.20475799]\n",
      " [0.01095257 0.58305228 0.40599514]\n",
      " [0.08230738 0.35728661 0.56040601]\n",
      " [0.27517048 0.25914926 0.46568026]\n",
      " [0.89089171 0.09334111 0.01576718]\n",
      " [0.72896945 0.0146563  0.25637425]\n",
      " [0.31675263 0.23293467 0.4503127 ]\n",
      " [0.37663656 0.35958553 0.2637779 ]\n",
      " [0.3212908  0.42580316 0.25290603]\n",
      " [0.39272726 0.33324334 0.2740294 ]\n",
      " [0.25168039 0.47205033 0.27626928]\n",
      " [0.31079541 0.07223568 0.61696891]\n",
      " [0.25305563 0.22976041 0.51718396]\n",
      " [0.47127979 0.14513485 0.38358536]\n",
      " [0.14200913 0.6690306  0.18896026]\n",
      " [0.33570972 0.22453    0.43976028]\n",
      " [0.33543937 0.04069117 0.62386946]\n",
      " [0.39110221 0.14291314 0.46598465]\n",
      " [0.46314743 0.28880045 0.24805212]\n",
      " [0.64769579 0.06822826 0.28407595]\n",
      " [0.32877223 0.24650283 0.42472494]\n",
      " [0.3859413  0.51595725 0.09810145]\n",
      " [0.2399293  0.37816992 0.38190078]\n",
      " [0.66461516 0.05501543 0.28036941]\n",
      " [0.34140135 0.47654612 0.18205253]\n",
      " [0.38474379 0.22266065 0.39259557]\n",
      " [0.40040875 0.49280189 0.10678936]\n",
      " [0.67712484 0.24644394 0.07643122]\n",
      " [0.78499226 0.1075778  0.10742994]\n",
      " [0.0247637  0.57342209 0.4018142 ]\n",
      " [0.36234926 0.14491719 0.49273355]\n",
      " [0.09339117 0.55418408 0.35242475]\n",
      " [0.35943716 0.2490048  0.39155805]\n",
      " [0.31425616 0.20046262 0.48528123]\n",
      " [0.22845381 0.3741629  0.39738329]\n",
      " [0.53107293 0.12455794 0.34436914]\n",
      " [0.13477172 0.33251328 0.532715  ]\n",
      " [0.52666653 0.23846524 0.23486823]\n",
      " [0.28992965 0.48251724 0.22755311]\n",
      " [0.45339206 0.25411288 0.29249506]\n",
      " [0.05977086 0.85787908 0.08235006]\n",
      " [0.45541246 0.53378569 0.01080185]\n",
      " [0.00735491 0.3891521  0.60349299]\n",
      " [0.21866308 0.13380699 0.64752993]\n",
      " [0.63327859 0.33921538 0.02750603]\n",
      " [0.27228417 0.42422786 0.30348797]\n",
      " [0.11870532 0.36952879 0.5117659 ]\n",
      " [0.18210805 0.26893587 0.54895607]\n",
      " [0.23439842 0.49821341 0.26738818]\n",
      " [0.34652472 0.05443645 0.59903883]]\n",
      "Updated delta_k: 0.0004\n",
      "Iteration 7:\n",
      "New function value f(x): 26.415447207121353\n",
      "Updated weights (w):\n",
      " [[0.25095087 0.73822921 0.01081992]\n",
      " [0.46786531 0.19052323 0.34161146]\n",
      " [0.13584875 0.51285973 0.35129152]\n",
      " [0.17028834 0.06362587 0.7660858 ]\n",
      " [0.48395456 0.19250886 0.32353658]\n",
      " [0.61785581 0.0973256  0.28481858]\n",
      " [0.21699264 0.25661953 0.52638783]\n",
      " [0.28958976 0.10034445 0.61006579]\n",
      " [0.63796525 0.21950211 0.14253264]\n",
      " [0.48895811 0.09898453 0.41205736]\n",
      " [0.26839951 0.5268425  0.20475799]\n",
      " [0.01095257 0.58305228 0.40599514]\n",
      " [0.08230738 0.35728661 0.56040601]\n",
      " [0.27517048 0.25914926 0.46568026]\n",
      " [0.89089171 0.09334111 0.01576718]\n",
      " [0.72896945 0.0146563  0.25637425]\n",
      " [0.31675263 0.23293467 0.4503127 ]\n",
      " [0.37663656 0.35958553 0.2637779 ]\n",
      " [0.3212908  0.42580316 0.25290603]\n",
      " [0.39272726 0.33324334 0.2740294 ]\n",
      " [0.25168039 0.47205033 0.27626928]\n",
      " [0.31079541 0.07223568 0.61696891]\n",
      " [0.25305563 0.22976041 0.51718396]\n",
      " [0.47127979 0.14513485 0.38358536]\n",
      " [0.14200913 0.6690306  0.18896026]\n",
      " [0.33570972 0.22453    0.43976028]\n",
      " [0.33543937 0.04069117 0.62386946]\n",
      " [0.39110221 0.14291314 0.46598465]\n",
      " [0.46314743 0.28880045 0.24805212]\n",
      " [0.64769579 0.06822826 0.28407595]\n",
      " [0.32877223 0.24650283 0.42472494]\n",
      " [0.3859413  0.51595725 0.09810145]\n",
      " [0.2399293  0.37816992 0.38190078]\n",
      " [0.66461516 0.05501543 0.28036941]\n",
      " [0.34140135 0.47654612 0.18205253]\n",
      " [0.38474379 0.22266065 0.39259557]\n",
      " [0.40040875 0.49280189 0.10678936]\n",
      " [0.67712484 0.24644394 0.07643122]\n",
      " [0.78499226 0.1075778  0.10742994]\n",
      " [0.0247637  0.57342209 0.4018142 ]\n",
      " [0.36234926 0.14491719 0.49273355]\n",
      " [0.09339117 0.55418408 0.35242475]\n",
      " [0.35943716 0.2490048  0.39155805]\n",
      " [0.31425616 0.20046262 0.48528123]\n",
      " [0.22845381 0.3741629  0.39738329]\n",
      " [0.53107293 0.12455794 0.34436914]\n",
      " [0.13477172 0.33251328 0.532715  ]\n",
      " [0.52666653 0.23846524 0.23486823]\n",
      " [0.28992965 0.48251724 0.22755311]\n",
      " [0.45339206 0.25411288 0.29249506]\n",
      " [0.05977086 0.85787908 0.08235006]\n",
      " [0.45541246 0.53378569 0.01080185]\n",
      " [0.00735491 0.3891521  0.60349299]\n",
      " [0.21866308 0.13380699 0.64752993]\n",
      " [0.63327859 0.33921538 0.02750603]\n",
      " [0.27228417 0.42422786 0.30348797]\n",
      " [0.11870532 0.36952879 0.5117659 ]\n",
      " [0.18210805 0.26893587 0.54895607]\n",
      " [0.23439842 0.49821341 0.26738818]\n",
      " [0.34652472 0.05443645 0.59903883]]\n",
      "Updated delta_k: 0.0004\n",
      "Iteration 8:\n",
      "New function value f(x): 26.415447207121353\n",
      "Updated weights (w):\n",
      " [[0.25095087 0.73822921 0.01081992]\n",
      " [0.46786531 0.19052323 0.34161146]\n",
      " [0.13584875 0.51285973 0.35129152]\n",
      " [0.17028834 0.06362587 0.7660858 ]\n",
      " [0.48395456 0.19250886 0.32353658]\n",
      " [0.61785581 0.0973256  0.28481858]\n",
      " [0.21699264 0.25661953 0.52638783]\n",
      " [0.28958976 0.10034445 0.61006579]\n",
      " [0.63796525 0.21950211 0.14253264]\n",
      " [0.48895811 0.09898453 0.41205736]\n",
      " [0.26839951 0.5268425  0.20475799]\n",
      " [0.01095257 0.58305228 0.40599514]\n",
      " [0.08230738 0.35728661 0.56040601]\n",
      " [0.27517048 0.25914926 0.46568026]\n",
      " [0.89089171 0.09334111 0.01576718]\n",
      " [0.72896945 0.0146563  0.25637425]\n",
      " [0.31675263 0.23293467 0.4503127 ]\n",
      " [0.37663656 0.35958553 0.2637779 ]\n",
      " [0.3212908  0.42580316 0.25290603]\n",
      " [0.39272726 0.33324334 0.2740294 ]\n",
      " [0.25168039 0.47205033 0.27626928]\n",
      " [0.31079541 0.07223568 0.61696891]\n",
      " [0.25305563 0.22976041 0.51718396]\n",
      " [0.47127979 0.14513485 0.38358536]\n",
      " [0.14200913 0.6690306  0.18896026]\n",
      " [0.33570972 0.22453    0.43976028]\n",
      " [0.33543937 0.04069117 0.62386946]\n",
      " [0.39110221 0.14291314 0.46598465]\n",
      " [0.46314743 0.28880045 0.24805212]\n",
      " [0.64769579 0.06822826 0.28407595]\n",
      " [0.32877223 0.24650283 0.42472494]\n",
      " [0.3859413  0.51595725 0.09810145]\n",
      " [0.2399293  0.37816992 0.38190078]\n",
      " [0.66461516 0.05501543 0.28036941]\n",
      " [0.34140135 0.47654612 0.18205253]\n",
      " [0.38474379 0.22266065 0.39259557]\n",
      " [0.40040875 0.49280189 0.10678936]\n",
      " [0.67712484 0.24644394 0.07643122]\n",
      " [0.78499226 0.1075778  0.10742994]\n",
      " [0.0247637  0.57342209 0.4018142 ]\n",
      " [0.36234926 0.14491719 0.49273355]\n",
      " [0.09339117 0.55418408 0.35242475]\n",
      " [0.35943716 0.2490048  0.39155805]\n",
      " [0.31425616 0.20046262 0.48528123]\n",
      " [0.22845381 0.3741629  0.39738329]\n",
      " [0.53107293 0.12455794 0.34436914]\n",
      " [0.13477172 0.33251328 0.532715  ]\n",
      " [0.52666653 0.23846524 0.23486823]\n",
      " [0.28992965 0.48251724 0.22755311]\n",
      " [0.45339206 0.25411288 0.29249506]\n",
      " [0.05977086 0.85787908 0.08235006]\n",
      " [0.45541246 0.53378569 0.01080185]\n",
      " [0.00735491 0.3891521  0.60349299]\n",
      " [0.21866308 0.13380699 0.64752993]\n",
      " [0.63327859 0.33921538 0.02750603]\n",
      " [0.27228417 0.42422786 0.30348797]\n",
      " [0.11870532 0.36952879 0.5117659 ]\n",
      " [0.18210805 0.26893587 0.54895607]\n",
      " [0.23439842 0.49821341 0.26738818]\n",
      " [0.34652472 0.05443645 0.59903883]]\n",
      "Updated delta_k: 0.0004\n",
      "Iteration 9:\n",
      "New function value f(x): 26.415447207121353\n",
      "Updated weights (w):\n",
      " [[0.25095087 0.73822921 0.01081992]\n",
      " [0.46786531 0.19052323 0.34161146]\n",
      " [0.13584875 0.51285973 0.35129152]\n",
      " [0.17028834 0.06362587 0.7660858 ]\n",
      " [0.48395456 0.19250886 0.32353658]\n",
      " [0.61785581 0.0973256  0.28481858]\n",
      " [0.21699264 0.25661953 0.52638783]\n",
      " [0.28958976 0.10034445 0.61006579]\n",
      " [0.63796525 0.21950211 0.14253264]\n",
      " [0.48895811 0.09898453 0.41205736]\n",
      " [0.26839951 0.5268425  0.20475799]\n",
      " [0.01095257 0.58305228 0.40599514]\n",
      " [0.08230738 0.35728661 0.56040601]\n",
      " [0.27517048 0.25914926 0.46568026]\n",
      " [0.89089171 0.09334111 0.01576718]\n",
      " [0.72896945 0.0146563  0.25637425]\n",
      " [0.31675263 0.23293467 0.4503127 ]\n",
      " [0.37663656 0.35958553 0.2637779 ]\n",
      " [0.3212908  0.42580316 0.25290603]\n",
      " [0.39272726 0.33324334 0.2740294 ]\n",
      " [0.25168039 0.47205033 0.27626928]\n",
      " [0.31079541 0.07223568 0.61696891]\n",
      " [0.25305563 0.22976041 0.51718396]\n",
      " [0.47127979 0.14513485 0.38358536]\n",
      " [0.14200913 0.6690306  0.18896026]\n",
      " [0.33570972 0.22453    0.43976028]\n",
      " [0.33543937 0.04069117 0.62386946]\n",
      " [0.39110221 0.14291314 0.46598465]\n",
      " [0.46314743 0.28880045 0.24805212]\n",
      " [0.64769579 0.06822826 0.28407595]\n",
      " [0.32877223 0.24650283 0.42472494]\n",
      " [0.3859413  0.51595725 0.09810145]\n",
      " [0.2399293  0.37816992 0.38190078]\n",
      " [0.66461516 0.05501543 0.28036941]\n",
      " [0.34140135 0.47654612 0.18205253]\n",
      " [0.38474379 0.22266065 0.39259557]\n",
      " [0.40040875 0.49280189 0.10678936]\n",
      " [0.67712484 0.24644394 0.07643122]\n",
      " [0.78499226 0.1075778  0.10742994]\n",
      " [0.0247637  0.57342209 0.4018142 ]\n",
      " [0.36234926 0.14491719 0.49273355]\n",
      " [0.09339117 0.55418408 0.35242475]\n",
      " [0.35943716 0.2490048  0.39155805]\n",
      " [0.31425616 0.20046262 0.48528123]\n",
      " [0.22845381 0.3741629  0.39738329]\n",
      " [0.53107293 0.12455794 0.34436914]\n",
      " [0.13477172 0.33251328 0.532715  ]\n",
      " [0.52666653 0.23846524 0.23486823]\n",
      " [0.28992965 0.48251724 0.22755311]\n",
      " [0.45339206 0.25411288 0.29249506]\n",
      " [0.05977086 0.85787908 0.08235006]\n",
      " [0.45541246 0.53378569 0.01080185]\n",
      " [0.00735491 0.3891521  0.60349299]\n",
      " [0.21866308 0.13380699 0.64752993]\n",
      " [0.63327859 0.33921538 0.02750603]\n",
      " [0.27228417 0.42422786 0.30348797]\n",
      " [0.11870532 0.36952879 0.5117659 ]\n",
      " [0.18210805 0.26893587 0.54895607]\n",
      " [0.23439842 0.49821341 0.26738818]\n",
      " [0.34652472 0.05443645 0.59903883]]\n",
      "Updated delta_k: 0.0004\n",
      "Iteration 10:\n",
      "New function value f(x): 26.415447207121353\n",
      "Updated weights (w):\n",
      " [[0.25095087 0.73822921 0.01081992]\n",
      " [0.46786531 0.19052323 0.34161146]\n",
      " [0.13584875 0.51285973 0.35129152]\n",
      " [0.17028834 0.06362587 0.7660858 ]\n",
      " [0.48395456 0.19250886 0.32353658]\n",
      " [0.61785581 0.0973256  0.28481858]\n",
      " [0.21699264 0.25661953 0.52638783]\n",
      " [0.28958976 0.10034445 0.61006579]\n",
      " [0.63796525 0.21950211 0.14253264]\n",
      " [0.48895811 0.09898453 0.41205736]\n",
      " [0.26839951 0.5268425  0.20475799]\n",
      " [0.01095257 0.58305228 0.40599514]\n",
      " [0.08230738 0.35728661 0.56040601]\n",
      " [0.27517048 0.25914926 0.46568026]\n",
      " [0.89089171 0.09334111 0.01576718]\n",
      " [0.72896945 0.0146563  0.25637425]\n",
      " [0.31675263 0.23293467 0.4503127 ]\n",
      " [0.37663656 0.35958553 0.2637779 ]\n",
      " [0.3212908  0.42580316 0.25290603]\n",
      " [0.39272726 0.33324334 0.2740294 ]\n",
      " [0.25168039 0.47205033 0.27626928]\n",
      " [0.31079541 0.07223568 0.61696891]\n",
      " [0.25305563 0.22976041 0.51718396]\n",
      " [0.47127979 0.14513485 0.38358536]\n",
      " [0.14200913 0.6690306  0.18896026]\n",
      " [0.33570972 0.22453    0.43976028]\n",
      " [0.33543937 0.04069117 0.62386946]\n",
      " [0.39110221 0.14291314 0.46598465]\n",
      " [0.46314743 0.28880045 0.24805212]\n",
      " [0.64769579 0.06822826 0.28407595]\n",
      " [0.32877223 0.24650283 0.42472494]\n",
      " [0.3859413  0.51595725 0.09810145]\n",
      " [0.2399293  0.37816992 0.38190078]\n",
      " [0.66461516 0.05501543 0.28036941]\n",
      " [0.34140135 0.47654612 0.18205253]\n",
      " [0.38474379 0.22266065 0.39259557]\n",
      " [0.40040875 0.49280189 0.10678936]\n",
      " [0.67712484 0.24644394 0.07643122]\n",
      " [0.78499226 0.1075778  0.10742994]\n",
      " [0.0247637  0.57342209 0.4018142 ]\n",
      " [0.36234926 0.14491719 0.49273355]\n",
      " [0.09339117 0.55418408 0.35242475]\n",
      " [0.35943716 0.2490048  0.39155805]\n",
      " [0.31425616 0.20046262 0.48528123]\n",
      " [0.22845381 0.3741629  0.39738329]\n",
      " [0.53107293 0.12455794 0.34436914]\n",
      " [0.13477172 0.33251328 0.532715  ]\n",
      " [0.52666653 0.23846524 0.23486823]\n",
      " [0.28992965 0.48251724 0.22755311]\n",
      " [0.45339206 0.25411288 0.29249506]\n",
      " [0.05977086 0.85787908 0.08235006]\n",
      " [0.45541246 0.53378569 0.01080185]\n",
      " [0.00735491 0.3891521  0.60349299]\n",
      " [0.21866308 0.13380699 0.64752993]\n",
      " [0.63327859 0.33921538 0.02750603]\n",
      " [0.27228417 0.42422786 0.30348797]\n",
      " [0.11870532 0.36952879 0.5117659 ]\n",
      " [0.18210805 0.26893587 0.54895607]\n",
      " [0.23439842 0.49821341 0.26738818]\n",
      " [0.34652472 0.05443645 0.59903883]]\n",
      "Updated delta_k: 0.0004\n",
      "Iteration 11:\n",
      "New function value f(x): 26.415447207121353\n",
      "Updated weights (w):\n",
      " [[0.25095087 0.73822921 0.01081992]\n",
      " [0.46786531 0.19052323 0.34161146]\n",
      " [0.13584875 0.51285973 0.35129152]\n",
      " [0.17028834 0.06362587 0.7660858 ]\n",
      " [0.48395456 0.19250886 0.32353658]\n",
      " [0.61785581 0.0973256  0.28481858]\n",
      " [0.21699264 0.25661953 0.52638783]\n",
      " [0.28958976 0.10034445 0.61006579]\n",
      " [0.63796525 0.21950211 0.14253264]\n",
      " [0.48895811 0.09898453 0.41205736]\n",
      " [0.26839951 0.5268425  0.20475799]\n",
      " [0.01095257 0.58305228 0.40599514]\n",
      " [0.08230738 0.35728661 0.56040601]\n",
      " [0.27517048 0.25914926 0.46568026]\n",
      " [0.89089171 0.09334111 0.01576718]\n",
      " [0.72896945 0.0146563  0.25637425]\n",
      " [0.31675263 0.23293467 0.4503127 ]\n",
      " [0.37663656 0.35958553 0.2637779 ]\n",
      " [0.3212908  0.42580316 0.25290603]\n",
      " [0.39272726 0.33324334 0.2740294 ]\n",
      " [0.25168039 0.47205033 0.27626928]\n",
      " [0.31079541 0.07223568 0.61696891]\n",
      " [0.25305563 0.22976041 0.51718396]\n",
      " [0.47127979 0.14513485 0.38358536]\n",
      " [0.14200913 0.6690306  0.18896026]\n",
      " [0.33570972 0.22453    0.43976028]\n",
      " [0.33543937 0.04069117 0.62386946]\n",
      " [0.39110221 0.14291314 0.46598465]\n",
      " [0.46314743 0.28880045 0.24805212]\n",
      " [0.64769579 0.06822826 0.28407595]\n",
      " [0.32877223 0.24650283 0.42472494]\n",
      " [0.3859413  0.51595725 0.09810145]\n",
      " [0.2399293  0.37816992 0.38190078]\n",
      " [0.66461516 0.05501543 0.28036941]\n",
      " [0.34140135 0.47654612 0.18205253]\n",
      " [0.38474379 0.22266065 0.39259557]\n",
      " [0.40040875 0.49280189 0.10678936]\n",
      " [0.67712484 0.24644394 0.07643122]\n",
      " [0.78499226 0.1075778  0.10742994]\n",
      " [0.0247637  0.57342209 0.4018142 ]\n",
      " [0.36234926 0.14491719 0.49273355]\n",
      " [0.09339117 0.55418408 0.35242475]\n",
      " [0.35943716 0.2490048  0.39155805]\n",
      " [0.31425616 0.20046262 0.48528123]\n",
      " [0.22845381 0.3741629  0.39738329]\n",
      " [0.53107293 0.12455794 0.34436914]\n",
      " [0.13477172 0.33251328 0.532715  ]\n",
      " [0.52666653 0.23846524 0.23486823]\n",
      " [0.28992965 0.48251724 0.22755311]\n",
      " [0.45339206 0.25411288 0.29249506]\n",
      " [0.05977086 0.85787908 0.08235006]\n",
      " [0.45541246 0.53378569 0.01080185]\n",
      " [0.00735491 0.3891521  0.60349299]\n",
      " [0.21866308 0.13380699 0.64752993]\n",
      " [0.63327859 0.33921538 0.02750603]\n",
      " [0.27228417 0.42422786 0.30348797]\n",
      " [0.11870532 0.36952879 0.5117659 ]\n",
      " [0.18210805 0.26893587 0.54895607]\n",
      " [0.23439842 0.49821341 0.26738818]\n",
      " [0.34652472 0.05443645 0.59903883]]\n",
      "Updated delta_k: 0.0004\n",
      "Iteration 12:\n",
      "New function value f(x): 26.415447207121353\n",
      "Updated weights (w):\n",
      " [[0.25095087 0.73822921 0.01081992]\n",
      " [0.46786531 0.19052323 0.34161146]\n",
      " [0.13584875 0.51285973 0.35129152]\n",
      " [0.17028834 0.06362587 0.7660858 ]\n",
      " [0.48395456 0.19250886 0.32353658]\n",
      " [0.61785581 0.0973256  0.28481858]\n",
      " [0.21699264 0.25661953 0.52638783]\n",
      " [0.28958976 0.10034445 0.61006579]\n",
      " [0.63796525 0.21950211 0.14253264]\n",
      " [0.48895811 0.09898453 0.41205736]\n",
      " [0.26839951 0.5268425  0.20475799]\n",
      " [0.01095257 0.58305228 0.40599514]\n",
      " [0.08230738 0.35728661 0.56040601]\n",
      " [0.27517048 0.25914926 0.46568026]\n",
      " [0.89089171 0.09334111 0.01576718]\n",
      " [0.72896945 0.0146563  0.25637425]\n",
      " [0.31675263 0.23293467 0.4503127 ]\n",
      " [0.37663656 0.35958553 0.2637779 ]\n",
      " [0.3212908  0.42580316 0.25290603]\n",
      " [0.39272726 0.33324334 0.2740294 ]\n",
      " [0.25168039 0.47205033 0.27626928]\n",
      " [0.31079541 0.07223568 0.61696891]\n",
      " [0.25305563 0.22976041 0.51718396]\n",
      " [0.47127979 0.14513485 0.38358536]\n",
      " [0.14200913 0.6690306  0.18896026]\n",
      " [0.33570972 0.22453    0.43976028]\n",
      " [0.33543937 0.04069117 0.62386946]\n",
      " [0.39110221 0.14291314 0.46598465]\n",
      " [0.46314743 0.28880045 0.24805212]\n",
      " [0.64769579 0.06822826 0.28407595]\n",
      " [0.32877223 0.24650283 0.42472494]\n",
      " [0.3859413  0.51595725 0.09810145]\n",
      " [0.2399293  0.37816992 0.38190078]\n",
      " [0.66461516 0.05501543 0.28036941]\n",
      " [0.34140135 0.47654612 0.18205253]\n",
      " [0.38474379 0.22266065 0.39259557]\n",
      " [0.40040875 0.49280189 0.10678936]\n",
      " [0.67712484 0.24644394 0.07643122]\n",
      " [0.78499226 0.1075778  0.10742994]\n",
      " [0.0247637  0.57342209 0.4018142 ]\n",
      " [0.36234926 0.14491719 0.49273355]\n",
      " [0.09339117 0.55418408 0.35242475]\n",
      " [0.35943716 0.2490048  0.39155805]\n",
      " [0.31425616 0.20046262 0.48528123]\n",
      " [0.22845381 0.3741629  0.39738329]\n",
